# Created  2019-11-20T17:07:00.349076
# Using program makedither_mrs.py
PosnIndex  Band     alpha      beta       V2         V3         dXIdeal         dYIdeal        
1          1A       -1.03115   0.54287    -504.74893 -319.12807 1.09446         -0.38562       
2          1A       0.96426    -0.43963   -502.64242 -318.44581 -1.01205        0.29664        
3          1A       -0.93620   0.45379    -504.64254 -319.05406 0.98807         -0.31160       
4          1A       1.05909    -0.52886   -502.53663 -318.37068 -1.11784        0.37177        
5          1A       1.06239    0.53894    -502.68024 -319.43508 -0.97424        -0.69263       
6          1A       -0.93879   -0.43575   -504.51898 -318.17439 0.86450         0.56806        
7          1A       0.96700    0.45019    -502.76228 -319.33246 -0.89219        -0.59001       
8          1A       -1.03425   -0.52456   -504.60043 -318.07289 0.94596         0.66956        
9          2A       -1.07089   1.67067    -504.96328 -320.59556 1.32719         -1.50412       
10         2A       0.95592    -1.23699   -502.49856 -318.00563 -1.13753        1.08581        
11         2A       -0.97443   1.53167    -504.84509 -320.47105 1.20899         -1.37960       
12         2A       1.05248    -1.37615   -502.38190 -317.88232 -1.25420        1.20912        
13         2A       1.06066    1.67920    -502.84990 -320.89529 -0.78620        -1.80385       
14         2A       -0.98125   -1.24496   -504.40455 -317.72112 0.76846         1.37033        
15         2A       0.96332    1.53943    -502.92456 -320.74410 -0.71154        -1.65266       
16         2A       -1.07837   -1.38493   -504.47769 -317.56872 0.84159         1.52272        
17         3A       -1.92543   1.70975    -506.44312 -320.22856 2.07071         -1.43014       
18         3A       2.20099    -1.25625   -502.08497 -317.83401 -2.28744        0.96442        
19         3A       -1.80081   1.51297    -506.30028 -320.05151 1.92787         -1.25308       
20         3A       2.32549    -1.45321   -501.94443 -317.65279 -2.42798        1.14563        
21         3A       2.34012    1.68642    -502.21482 -320.80129 -2.15759        -2.00286       
22         3A       -1.81309   -1.23341   -506.04152 -317.33657 1.66911         1.46186        
23         3A       2.21379    1.49097    -502.32224 -320.58777 -2.05018        -1.78935       
24         3A       -1.93942   -1.42887   -506.14664 -317.12721 1.77423         1.67122        
25         4A       -2.46294   2.47124    -506.04411 -321.58573 2.91562         -2.09788       
26         4A       2.18021    -2.27764   -500.56762 -317.58721 -2.56086        1.90064        
27         4A       -2.33203   2.14997    -505.85000 -321.28307 2.72152         -1.79522       
28         4A       2.31174    -2.60024   -500.38221 -317.29497 -2.74627        2.19287        
29         4A       2.35242    2.53102    -501.25306 -322.28702 -1.87543        -2.79917       
30         4A       -2.36306   -2.33996   -505.00440 -316.81926 1.87592         2.66859        
31         4A       2.21560    2.20665    -501.33105 -321.95251 -1.79744        -2.46466       
32         4A       -2.49834   -2.66685   -505.07370 -316.47432 1.94522         3.01353        
33         1A       -0.03315   0.49506    -503.75669 -319.22823 0.10221         -0.48578       
34         1A       0.06202    -0.47976   -503.52653 -318.27494 -0.12795        0.46751        
35         1A       0.06215    0.49507    -503.66255 -319.24237 0.00808         -0.49992       
36         1A       -0.03327   -0.47975   -503.62046 -318.26118 -0.03402        0.48127        
37         1A       -0.04739   0.04465    -503.70767 -318.77946 0.05319         -0.03701       
38         1A       0.04787    -0.04400   -503.60128 -318.70545 -0.05319        0.03701        
39         1A       0.04813    0.04496    -503.61345 -318.79376 -0.04102        -0.05131       
40         1A       -0.04767   -0.04434   -503.69550 -318.69114 0.04102         0.05131        
41         2A       -0.04920   0.07057    -503.69519 -319.15370 0.05910         -0.06226       
42         2A       0.04803    -0.06928   -503.57700 -319.02919 -0.05910        0.06226        
43         2A       0.04835    0.07024    -503.59876 -319.16704 -0.03733        -0.07560       
44         2A       -0.04956   -0.06891   -503.67342 -319.01585 0.03733         0.07560        
45         3A       -0.06171   0.09924    -504.44383 -318.88695 0.07142         -0.08853       
46         3A       0.06416    -0.09577   -504.30099 -318.70990 -0.07142        0.08853        
47         3A       0.06511    0.10048    -504.31870 -318.90518 -0.05371        -0.10676       
48         3A       -0.06272   -0.09710   -504.42612 -318.69167 0.05371         0.10676        
49         4A       -0.06900   0.16697    -503.22554 -319.63918 0.09705         -0.15133       
50         4A       0.06564    -0.16096   -503.03143 -319.33652 -0.09705        0.15133        
51         4A       0.06791    0.16309    -503.08949 -319.65510 -0.03900        -0.16726       
52         4A       -0.07140   -0.15685   -503.16748 -319.32059 0.03900         0.16726        
