# Created  2022-05-28T11:24:28.476218
# Using program makedither_mrs.py
PosnIndex  Band     alpha      beta       V2         V3         dXIdeal         dYIdeal        
1          1A       -1.11191   0.59878    -504.46611 -319.46211 1.14796         -0.43441       
2          1A       0.91465    -0.37937   -502.37612 -318.78341 -0.94204        0.24429        
3          1A       -0.82148   0.33234    -504.15813 -319.23880 0.83998         -0.21109       
4          1A       1.20653    -0.64601   -502.05896 -318.56019 -1.25919        0.46752        
5          1A       1.19090    0.59661    -502.20575 -319.79797 -1.11240        -0.77026       
6          1A       -0.81284   -0.37769   -504.09031 -318.53134 0.77216         0.49637        
7          1A       0.90577    0.33069    -502.45770 -319.49074 -0.86045        -0.46303       
8          1A       -1.09684   -0.64376   -504.35144 -318.22402 1.03328         0.80369        
9          2A       -1.16159   1.54369    -504.79228 -320.67174 1.32151         -1.37378       
10         2A       0.92348    -0.80836   -502.46189 -318.63138 -1.00888        0.66658        
11         2A       -0.86289   1.12825    -504.45245 -320.29821 0.98168         -1.00025       
12         2A       1.22178    -1.22403   -502.11218 -318.26590 -1.35858        1.03206        
13         2A       1.19753    1.55873    -502.52321 -320.99995 -0.94755        -1.70199       
14         2A       -0.84685   -0.82023   -504.19021 -318.36359 0.71945         0.93437        
15         2A       0.90668    1.13968    -502.74597 -320.54818 -0.72479        -1.25022       
16         2A       -1.13877   -1.23993   -504.42285 -317.90376 0.95209         1.39420        
17         3A       -1.52015   1.87911    -505.48358 -320.66600 1.51763         -1.65885       
18         3A       1.14346    -1.06451   -502.83298 -318.09695 -1.13297        0.91019        
19         3A       -1.13922   1.29115    -505.09913 -320.13589 1.13318         -1.12874       
20         3A       1.52458    -1.65267   -502.44323 -317.56201 -1.52271        1.44514        
21         3A       1.51375    1.86734    -502.62323 -321.04181 -1.34271        -2.03467       
22         3A       -1.13210   -1.05555   -504.99148 -317.82717 1.02554         1.17997        
23         3A       1.13625    1.28227    -502.95122 -320.41533 -1.01473        -1.40819       
24         3A       -1.50950   -1.64071   -505.32477 -317.20553 1.35882         1.80162        
25         4A       -2.03942   2.24405    -505.01493 -321.53246 2.25534         -1.82622       
26         4A       1.46475    -1.33518   -501.14599 -318.66894 -1.61361        1.03730        
27         4A       -1.60644   1.26611    -504.46522 -320.66971 1.70563         -0.96348       
28         4A       1.89064    -2.31462   -500.55727 -317.82091 -2.20232        1.88533        
29         4A       1.80710    2.25996    -501.48304 -322.06627 -1.27655        -2.36003       
30         4A       -1.56162   -1.34855   -504.00844 -318.21655 1.24885         1.48969        
31         4A       1.41749    1.27897    -501.66633 -321.09813 -1.09327        -1.39189       
32         4A       -1.96130   -2.33168   -504.23073 -317.23369 1.47114         2.47254        
33         1A       -0.09740   0.46396    -503.45610 -319.47648 0.13795         -0.44878       
34         1A       0.18792    -0.51062   -503.08345 -318.54568 -0.23470        0.48203        
35         1A       0.18845    0.46396    -503.17513 -319.51845 -0.14302        -0.49074       
36         1A       -0.09800   -0.51062   -503.36757 -318.50368 0.04942         0.52403        
37         1A       -0.14409   0.13307    -503.47214 -319.13936 0.15399         -0.11166       
38         1A       0.14269    -0.13287   -503.16416 -318.91605 -0.15399        0.11166        
39         1A       0.13968    0.13336    -503.19218 -319.18132 -0.12598        -0.15362       
40         1A       -0.14024   -0.13328   -503.44413 -318.87409 0.12598         0.15362        
41         2A       -0.14637   0.20948    -503.64068 -319.48473 0.16991         -0.18677       
42         2A       0.14622    -0.20958   -503.30085 -319.11119 -0.16991        0.18677        
43         2A       0.14317    0.20819    -503.35939 -319.52384 -0.11138        -0.22589       
44         2A       -0.14250   -0.20779   -503.58215 -319.07207 0.11138         0.22589        
45         3A       -0.18982   0.29330    -504.15817 -319.27220 0.19223         -0.26506       
46         3A       0.18847    -0.29189   -503.77372 -318.74209 -0.19223        0.26506        
47         3A       0.18690    0.29446    -503.80195 -319.32039 -0.16399        -0.31324       
48         3A       -0.18782   -0.29351   -504.12994 -318.69390 0.16399         0.31324        
49         4A       -0.20420   0.49157    -503.03445 -320.13761 0.27486         -0.43137       
50         4A       0.20358    -0.49170   -502.48474 -319.27486 -0.27486        0.43137        
51         4A       0.18856    0.48918    -502.66795 -320.19031 -0.09164        -0.48407       
52         4A       -0.18587   -0.48861   -502.85124 -319.22217 0.09164         0.48407        
