# Created  2022-06-27T17:26:27.313464
# Using program makedither_mrs.py
PosnIndex  Band     alpha      beta       V2         V3         dXIdeal         dYIdeal        
1          1A       -1.11191   0.59878    -504.46611 -319.46211 1.14796         -0.43441       
2          1A       0.91465    -0.37937   -502.37612 -318.78341 -0.94204        0.24429        
3          1A       -0.82148   0.33234    -504.15813 -319.23880 0.83998         -0.21109       
4          1A       1.20653    -0.64601   -502.05896 -318.56019 -1.25919        0.46752        
5          1A       1.19090    0.59661    -502.20575 -319.79797 -1.11240        -0.77026       
6          1A       -0.81284   -0.37769   -504.09031 -318.53134 0.77216         0.49637        
7          1A       0.90577    0.33069    -502.45770 -319.49074 -0.86045        -0.46303       
8          1A       -1.09684   -0.64376   -504.35144 -318.22402 1.03328         0.80369        
9          2A       -1.16159   1.54369    -504.79228 -320.67174 1.32151         -1.37378       
10         2A       0.92348    -0.80836   -502.46189 -318.63138 -1.00888        0.66658        
11         2A       -0.86289   1.12825    -504.45245 -320.29821 0.98168         -1.00025       
12         2A       1.22178    -1.22403   -502.11218 -318.26590 -1.35858        1.03206        
13         2A       1.19753    1.55873    -502.52321 -320.99995 -0.94755        -1.70199       
14         2A       -0.84685   -0.82023   -504.19021 -318.36359 0.71945         0.93437        
15         2A       0.90668    1.13968    -502.74597 -320.54818 -0.72479        -1.25022       
16         2A       -1.13877   -1.23993   -504.42285 -317.90376 0.95209         1.39420        
17         3A       -1.52015   1.87911    -505.48358 -320.66600 1.51763         -1.65885       
18         3A       1.14346    -1.06451   -502.83298 -318.09695 -1.13297        0.91019        
19         3A       -1.13922   1.29115    -505.09913 -320.13589 1.13318         -1.12874       
20         3A       1.52458    -1.65267   -502.44323 -317.56201 -1.52271        1.44514        
21         3A       1.51375    1.86734    -502.62323 -321.04181 -1.34271        -2.03467       
22         3A       -1.13210   -1.05555   -504.99148 -317.82717 1.02554         1.17997        
23         3A       1.13625    1.28227    -502.95122 -320.41533 -1.01473        -1.40819       
24         3A       -1.50950   -1.64071   -505.32477 -317.20553 1.35882         1.80162        
25         4A       -2.03942   2.24405    -505.01493 -321.53246 2.25534         -1.82622       
26         4A       1.46475    -1.33518   -501.14599 -318.66894 -1.61361        1.03730        
27         4A       -1.60644   1.26611    -504.46522 -320.66971 1.70563         -0.96348       
28         4A       1.89064    -2.31462   -500.55727 -317.82091 -2.20232        1.88533        
29         4A       1.80710    2.25996    -501.48304 -322.06627 -1.27655        -2.36003       
30         4A       -1.56162   -1.34855   -504.00844 -318.21655 1.24885         1.48969        
31         4A       1.41749    1.27897    -501.66633 -321.09813 -1.09327        -1.39189       
32         4A       -1.96130   -2.33168   -504.23073 -317.23369 1.47114         2.47254        
33         1A       -0.09740   0.46396    -503.45610 -319.47648 0.13795         -0.44878       
34         1A       0.18792    -0.51062   -503.08345 -318.54568 -0.23470        0.48203        
35         1A       0.18845    0.46396    -503.17513 -319.51845 -0.14302        -0.49074       
36         1A       -0.09800   -0.51062   -503.36757 -318.50368 0.04942         0.52403        
37         1A       -0.14409   0.13307    -503.47214 -319.13936 0.15399         -0.11166       
38         1A       0.14269    -0.13287   -503.16416 -318.91605 -0.15399        0.11166        
39         1A       0.13968    0.13336    -503.19218 -319.18132 -0.12598        -0.15362       
40         1A       -0.14024   -0.13328   -503.44413 -318.87409 0.12598         0.15362        
41         2A       -0.14637   0.20948    -503.64068 -319.48473 0.16991         -0.18677       
42         2A       0.14622    -0.20958   -503.30085 -319.11119 -0.16991        0.18677        
43         2A       0.14317    0.20819    -503.35939 -319.52384 -0.11138        -0.22589       
44         2A       -0.14250   -0.20779   -503.58215 -319.07207 0.11138         0.22589        
45         3A       -0.18982   0.29330    -504.15817 -319.27220 0.19223         -0.26506       
46         3A       0.18847    -0.29189   -503.77372 -318.74209 -0.19223        0.26506        
47         3A       0.18690    0.29446    -503.80195 -319.32039 -0.16399        -0.31324       
48         3A       -0.18782   -0.29351   -504.12994 -318.69390 0.16399         0.31324        
49         4A       -0.20420   0.49157    -503.03445 -320.13761 0.27486         -0.43137       
50         4A       0.20358    -0.49170   -502.48474 -319.27486 -0.27486        0.43137        
51         4A       0.18856    0.48918    -502.66795 -320.19031 -0.09164        -0.48407       
52         4A       -0.18587   -0.48861   -502.85124 -319.22217 0.09164         0.48407        
53         1A       -0.00659   -2.39909   -503.09628 -316.63231 -0.22187        2.39540        
54         1A       -0.00394   -1.79946   -503.15175 -317.23116 -0.16640        1.79655        
55         1A       -0.00289   -1.49960   -503.17949 -317.53058 -0.13867        1.49712        
56         1A       -0.00204   -1.19972   -503.20722 -317.83001 -0.11093        1.19770        
57         1A       -0.00137   -0.89981   -503.23495 -318.12943 -0.08320        0.89827        
58         1A       -0.00089   -0.59988   -503.26269 -318.42886 -0.05547        0.59885        
59         1A       -0.00060   -0.29992   -503.29042 -318.72828 -0.02773        0.29942        
60         1A       -0.00050   0.00007    -503.31815 -319.02771 0.00000         0.00000        
61         1A       -0.00059   0.30008    -503.34589 -319.32713 0.02773         -0.29942       
62         1A       -0.00086   0.60012    -503.37362 -319.62656 0.05547         -0.59885       
63         1A       -0.00133   0.90018    -503.40135 -319.92598 0.08320         -0.89827       
64         1A       -0.00198   1.20027    -503.42909 -320.22541 0.11093         -1.19770       
65         1A       -0.00282   1.50039    -503.45682 -320.52483 0.13867         -1.49712       
66         1A       -0.00386   1.80053    -503.48456 -320.82426 0.16640         -1.79655       
67         1A       -0.00648   2.40089    -503.54002 -321.42310 0.22187         -2.39540       
68         1A       -0.01400   3.60193    -503.65096 -322.62080 0.33280         -3.59310       
69         1A       -1.00246   -1.79966   -504.16046 -317.08411 0.84231         1.94360        
70         1A       -1.00147   -1.49980   -504.18480 -317.38357 0.86665         1.64414        
71         1A       -1.00065   -1.19991   -504.20914 -317.68302 0.89098         1.34468        
72         1A       -0.99999   -0.90000   -504.23348 -317.98248 0.91532         1.04522        
73         1A       -0.99950   -0.60007   -504.25781 -318.28194 0.93966         0.74577        
74         1A       -0.99917   -0.30011   -504.28215 -318.58140 0.96400         0.44631        
75         1A       -0.99901   -0.00014   -504.30649 -318.88085 0.98834         0.14685        
76         1A       -0.99902   0.29986    -504.33083 -319.18031 1.01267         -0.15260       
77         1A       -0.99919   0.59989    -504.35517 -319.47977 1.03701         -0.45206       
78         1A       -0.99952   0.89993    -504.37950 -319.77923 1.06135         -0.75152       
79         1A       -1.00003   1.20000    -504.40384 -320.07868 1.08569         -1.05098       
80         1A       -1.00069   1.50010    -504.42818 -320.37814 1.11003         -1.35043       
81         1A       -1.00153   1.80021    -504.45252 -320.67760 1.13436         -1.64989       
82         1A       -1.00369   2.40051    -504.50119 -321.27651 1.18304         -2.24881       
83         1A       0.99514    -2.39933   -502.08079 -316.77942 -1.23737        2.24828        
84         1A       0.99795    -1.79972   -502.14304 -317.37821 -1.17511        1.64950        
85         1A       0.99904    -1.49987   -502.17417 -317.67760 -1.14398        1.35011        
86         1A       0.99992    -1.19999   -502.20530 -317.97699 -1.11285        1.05072        
87         1A       1.00058    -0.90008   -502.23643 -318.27638 -1.08172        0.75132        
88         1A       1.00104    -0.60014   -502.26756 -318.57577 -1.05059        0.45193        
89         1A       1.00128    -0.30018   -502.29869 -318.87517 -1.01947        0.15254        
90         1A       1.00131    -0.00018   -502.32982 -319.17456 -0.98834        -0.14685       
91         1A       1.00113    0.29985    -502.36095 -319.47395 -0.95721        -0.44625       
92         1A       1.00073    0.59990    -502.39208 -319.77334 -0.92608        -0.74564       
93         1A       1.00013    0.89998    -502.42320 -320.07274 -0.89495        -1.04503       
94         1A       0.99931    1.20009    -502.45433 -320.37213 -0.86382        -1.34442       
95         1A       0.99828    1.50024    -502.48546 -320.67152 -0.83269        -1.64381       
96         1A       0.99704    1.80041    -502.51659 -320.97091 -0.80156        -1.94321       
97         1A       0.99392    2.40084    -502.57885 -321.56970 -0.73930        -2.54199       
98         1A       2.50411    -2.40056   -500.55754 -317.00009 -2.76062        2.02761        
99         1A       2.50913    -1.20126   -500.70242 -318.19747 -2.61573        0.83024        
100        1A       2.51020    -0.00140   -500.84731 -319.39484 -2.47084        -0.36713       
101        1A       2.50734    1.19899    -500.99220 -320.59221 -2.32595        -1.56451       
102        1A       2.50054    2.39993    -501.13709 -321.78959 -2.18106        -2.76188       
103        1A       2.48979    3.60140    -501.28198 -322.98696 -2.03617        -3.95925       
104        1A       -2.49608   -2.40054   -505.63503 -316.26453 2.31688         2.76318        
105        1A       -2.49229   -1.20106   -505.71201 -317.46255 2.39386         1.56516        
106        1A       -2.49060   -0.00129   -505.78899 -318.66057 2.47084         0.36713        
107        1A       -2.49100   1.19876    -505.86597 -319.85860 2.54782         -0.83089       
108        1A       -2.49350   2.39911    -505.94295 -321.05662 2.62480         -2.02892       
109        1A       -2.49809   3.59974    -506.01993 -322.25465 2.70178         -3.22694       
